41.017275,28.621058
6298 5878 8093 6954 6519 4783 3325 2771 5773 5014 1769 3488 4493 7130 6353 4089 4804 3702 3834 5451 10887 6767 5608 5485 5735 
41.015626,28.641038
5830 5357 6674 5649 6957 3796 2734 1785 4385 4170 1018 2169 3714 6164 5015 3063 3567 2551 2683 4351 9549 5780 4663 4446 5214 
41.002118,28.64206
6194 6869 8667 7945 7510 5774 2713 2988 6764 6005 1271 3488 4948 7825 6249 5080 6121 4693 4825 6442 10992 6872 6599 6476 6726 
41.01041,28.658824
6125 5486 7537 6562 6127 4391 3416 2498 5381 4622 1496 3315 4590 6574 6180 3697 4412 3310 3442 5059 10331 6211 5216 5093 5343 
41.013632,28.659682
6060 5430 7481 6506 6071 4335 2442 2594 5325 4566 1592 3250 4686 6518 6115 3641 4356 3254 3386 5003 10275 6155 5160 5037 5287 
41.104785,28.669164
6008 7845 9002 9276 8026 7183 6490 5312 7866 7793 4105 5681 9253 9303 7330 6205 6798 6362 6494 7061 12334 8619 7690 8092 7797 
40.976901,28.674569
6336 7011 8809 8087 7652 5916 3488 2609 6906 6147 1607 3526 5892 7967 6391 5222 5937 4835 4967 6584 12336 8216 6741 6618 6868 
41.015713,28.682207
7289 6091 8142 7167 6732 4996 4020 3046 5986 5227 2236 3530 5746 7179 6191 4302 5017 3915 4047 5664 10936 6816 5821 5698 5948 
41.012953,28.68434
6252 5764 8725 6840 6405 4669 3321 2714 5659 4900 1712 3442 5419 6852 6307 3975 4690 3588 3720 5337 10609 6489 5494 5371 5621 
41.001278,28.7044
5854 5587 7336 6239 7187 4249 2470 2164 5522 4431 748 2664 4661 6394 5563 3156 3797 2766 2898 4894 10026 6010 4893 5367 5444 
40.997326,28.706803
5890 5623 7372 6275 6464 4285 2412 1464 5558 4467 690 2464 4602 6430 5363 3192 3833 2802 2934 4694 9764 6046 4929 5403 5480 
40.978818,28.715384
5420 5618 8153 7431 6882 4523 3390 1851 5513 4754 1488 2656 5451 7311 5555 3842 4483 3442 3574 4886 10075 5955 5485 5225 5475 
40.98939,28.717436
4775 4956 6341 5282 5759 3486 2566 1290 4075 3891 830 1869 4731 5615 4414 2714 3429 2251 2383 3861 9265 5300 4233 4136 4813 
40.982883,28.718141
5765 5498 7247 6150 6435 4160 2969 1435 5433 4342 1211 2522 5004 6305 5421 3067 3708 2677 2809 4752 9701 5921 4804 5278 5355 
40.974487,28.72847
5783 5325 6627 5602 6891 3749 3438 1738 4338 4123 1644 2122 5612 6132 4983 3016 3535 2504 2636 4319 9528 5748 4631 4399 5182 
41.036703,28.76596
4168 5567 6941 6219 6027 4229 4692 2083 5502 4411 3474 1918 7138 6099 5225 3136 3777 2746 2878 4561 9688 5990 4873 5347 5424 
41.111333,28.768331
4818 8658 10471 9269 8957 7306 7761 5404 8296 7537 6551 5740 12589 9629 8369 6404 7119 5992 6124 9070 15918 9621 7923 8008 9412 
41.03424,28.77197
4229 5628 7002 6280 6088 4290 4601 2144 5563 4472 3535 1979 7199 6160 5286 3197 3838 2807 2939 4622 9749 6051 4934 5408 5485 
41.117742,28.772708
4080 8034 9622 8420 8032 6563 7409 4681 7553 7171 5828 4589 11866 8780 6661 5223 5824 5744 5887 6172 12069 8772 7074 7265 8751 
41.054337,28.773355
3629 6856 9171 7969 7581 5761 5892 4214 6751 5992 5453 3933 11277 8349 6210 4772 5373 4680 4812 5721 11618 7986 6586 6463 6713 
40.989602,28.777756
3854 4650 6035 4976 5453 3190 3405 1251 3779 3585 1878 1563 5614 5309 4108 2423 3064 1945 2077 3555 8969 4994 3927 3840 4507 
41.04739,28.77837
3637 6683 8734 7759 7589 5588 6440 3216 6578 5819 5191 3911 8925 7771 6218 4780 5381 4507 4639 5729 11626 7408 6413 6290 6540 
40.979266,28.779856
4553 4781 6166 5107 5584 3321 3852 1283 3910 3716 2268 1694 6001 5440 4239 2554 3195 2076 2208 3686 9100 5125 4058 3971 4638 
41.065337,28.780409
2303 6155 7037 6912 6660 4806 5286 2464 5611 5183 4299 2607 8043 6792 4915 3382 4023 3548 3691 4426 10292 6784 5566 4840 6293 
40.990265,28.78094
3765 4264 5921 4862 5176 3283 3326 1063 3930 3465 1799 1447 5535 5393 3800 2168 2851 1829 1961 3247 8855 4880 3687 3830 4081 
40.993374,28.782763
3776 4866 6251 5192 5669 3406 3753 1368 3995 3801 2184 1779 5917 5525 4324 2639 3280 2161 2293 3771 9185 5210 4143 4056 4723 
41.044663,28.783879
2944 6112 7591 6869 6617 4238 5177 2149 6047 5140 4139 2410 7804 6749 5312 3694 4295 3634 3922 4643 10658 6741 5523 4940 5190 
41.043424,28.79051
2655 5691 7389 6448 6196 3817 4756 1728 5963 4719 3718 1989 7383 6328 5267 3734 4375 3213 4043 4778 10237 6320 5102 5192 4769 
41.020506,28.791522
2573 5065 6152 5093 5570 3537 4163 1060 4126 3911 3200 1352 6377 5739 4225 2307 2948 2062 2194 3672 9569 5111 4044 4187 4624 
40.986957,28.793063
4641 3813 4139 4440 4815 2707 3390 643 3387 2806 1973 1161 5766 4386 3271 1735 2376 1543 1675 2772 8580 3629 3456 3464 3834 
40.97196,28.795638
5886 5772 7364 6642 6277 5408 4650 1903 4441 4913 2640 2392 6454 6522 5250 3164 3354 2774 2906 4532 10134 6514 4175 5375 5452 
41.101263,28.803642
2368 6521 7400 6678 7026 5319 5839 2959 5977 4949 4238 2226 7597 6558 5084 3383 4024 3443 3611 4420 11241 6550 5332 5206 6299 
41.113937,28.804636
2161 5387 7154 6912 5892 5680 6206 4133 5595 4703 5372 3852 11544 6312 4736 3982 4182 4148 4291 5026 11345 6304 4966 5440 5921 
41.10262,28.80998
2340 6615 7213 7691 6839 5520 6698 3982 6510 4762 5332 3363 8759 6371 4795 5094 4460 4439 4571 6043 11940 6363 5145 6222 6472 
41.040012,28.810562
2087 5849 6731 6606 6354 4500 5931 3232 5305 4877 4583 2761 8157 6486 4609 3076 3717 3242 3385 4120 9986 6478 5260 4534 5987 
41.039822,28.810858
2109 5871 6753 6628 6376 4522 5953 3254 5327 4899 4605 2783 8179 6508 4631 3098 3739 3264 3407 4142 10008 6500 5282 4556 6009 
41.045531,28.814901
1338 4715 6439 5677 5220 3824 5451 2889 4413 4198 4153 2281 7677 5437 4060 2452 3093 2626 2769 3489 9307 5398 4331 3874 5482 
41.04735,28.81686
1105 5367 6249 6124 5872 4018 5688 3132 4823 4395 4396 2518 7914 6004 4127 2594 3235 2760 2903 3638 9504 5996 4778 4052 5505 
40.958875,28.820194
5273 4308 6162 4800 4813 3946 5902 2714 3828 3551 3468 1915 7345 5160 3584 2584 2689 2680 2812 3358 9595 5121 3396 4820 4634 
40.956567,28.821387
5409 4444 6298 4936 4949 4051 6123 2784 3964 3687 3816 2020 7481 5296 3720 2689 2825 2785 2917 3494 9729 5257 3532 4956 4770 
41.045503,28.828554
1170 4547 6271 5509 5052 3656 5634 3208 4245 4030 4472 2780 8787 5269 3892 2284 2925 2458 2601 3321 9139 5230 4163 3706 5314 
41.039096,28.833457
1438 4151 6005 4643 4656 3390 5507 3115 3979 3394 4303 2335 8732 5003 3427 2901 3542 2997 3129 3516 9192 4964 3897 4147 4477 
41.003834,28.851396
3968 4729 6277 5218 5234 3718 5128 2343 4418 4125 3531 1523 7031 5734 3858 2268 2909 2654 2885 3305 9023 5236 4736 4475 4749 
41.003726,28.85193
3917 4678 6226 5167 5183 3667 5164 2292 4367 4074 3480 1471 6980 5683 3807 2217 2858 2603 2268 3254 8972 5185 4685 4424 4698 
41.001787,28.851941
4016 4504 6052 5110 5009 3587 5101 2105 3763 3861 3306 1453 6806 5470 3579 2043 2684 1962 2094 3080 8798 5011 3700 3663 4158 
41.026982,28.853142
2222 4136 5990 4628 4641 3843 5974 3336 4523 3379 4524 2749 8113 4988 3412 2459 3174 2779 3010 3666 8973 4949 3978 4600 4462 
40.995415,28.853298
3752 3824 4150 4451 4583 2718 4275 1597 3398 2817 3257 1232 6394 4397 3283 1747 2388 1566 1698 2784 8578 3640 3404 3247 3845 
41.0221,28.854594
3274 4588 6120 4758 5093 3227 5666 3224 4426 3509 4412 2265 7799 5118 3542 2215 2930 2662 2472 3728 8729 5079 3734 3984 4592 
41.009821,28.855734
4001 5207 6730 5931 5359 3589 5429 3078 4289 4123 4149 1953 7766 6132 4556 3088 3807 2525 2756 4287 9370 5702 4607 4346 5136 
41.044208,28.857756
2608 4160 6014 4652 4665 3707 6480 4017 3988 3403 5211 3780 8826 5012 4093 2485 3126 2491 2722 3522 8974 4973 4386 3907 4486 
40.998764,28.858048
4087 3600 4286 4302 4272 2494 4264 1494 3344 2593 2573 846 6205 4173 2972 1487 2128 1342 1474 2473 8191 3776 3603 2936 3621 
40.98118,28.859325
4698 4616 5935 5173 5121 2639 4792 1713 3909 3744 2901 1500 6997 5353 3759 2169 2810 1780 1912 3206 9122 4894 3769 3775 4297 
41.001896,28.860284
4249 3795 4121 4498 4467 2689 4461 1708 3540 2788 2896 803 6402 4368 3167 1682 2323 2059 1669 2668 8387 3611 3288 3131 3816 
41.000388,28.860448
4204 3766 4092 4468 4438 2660 4430 1677 3510 2759 2865 768 6371 4339 3138 1653 2294 2045 1640 2639 8357 3582 3259 3102 3787 
41.097797,28.86519
3601 5039 5050 3596 6229 4245 3561 5307 3258 9173 4745 2981 3093 3676 2319 2462 2443 6915 4538 3063 3603 4401 3360 3060 4140 
40.996246,28.872065
3841 3080 4040 3823 3909 1907 4111 1363 2496 2193 2551 454 6071 4017 2726 1081 1722 942 1074 2173 7814 3530 2837 2664 2799 
41.055539,28.872317
1957 4135 5859 4946 4640 3158 6733 3218 3318 3697 5063 2935 8797 5306 3480 1872 2513 2046 2189 2909 8782 4818 3751 3294 4780 
41.002597,28.873406
3925 3451 4122 4070 4268 2345 4277 1546 2876 2651 2734 598 6237 4162 3051 1323 1964 1193 1325 2498 8208 3612 3084 2918 3472 
41.040409,28.881815
2430 3210 4342 4103 3832 2910 6235 3863 2909 2614 5055 2317 8640 4195 2647 1930 2260 2587 2509 2538 8100 3832 3117 3667 3776 
41.18518,28.884063
7918 6572 8142 7112 7183 4829 32147 8078 3830 5691 9842 6981 29237 7300 6204 5563 6438 5776 5919 5885 11637 7292 6573 6833 6429 
40.998398,28.893576
4356 3631 4208 4228 4231 2595 4862 2140 3275 2624 3328 1254 6828 4455 2999 1413 2128 1373 1505 2446 7927 3698 2932 3018 3652 
40.991612,28.894234
4691 4036 4362 4663 4739 2930 5851 2338 3705 3029 3526 1536 7086 4609 3552 1780 2421 1627 1759 2817 8406 3852 3380 3280 4057 
40.982777,28.895229
5121 4009 5616 4464 4514 3342 5875 2328 2935 3215 3516 1792 7340 4824 3551 2146 2008 2050 2182 2834 8273 4575 2647 4099 4421 
41.094311,28.898131
7052 6031 7601 6764 7211 3289 6756 5978 3351 5150 7471 5218 12010 6759 5376 5477 5366 4568 4711 4868 10786 6751 5827 4435 5888 
40.991075,28.902047
4460 3508 5458 4432 4130 2699 5975 3014 3379 3183 4085 2230 7717 4792 2876 1286 1927 1769 1912 2323 8506 4417 3448 3456 4389 
41.049628,28.902819
3173 3025 4157 3918 3647 2545 5817 2887 3138 2429 4075 1844 7777 4010 2462 1745 2075 1583 1814 2353 7567 3647 2932 3302 3591 
40.987544,28.90651
4438 3486 5236 4410 4108 2677 5952 3094 3357 3161 4165 2256 7797 4770 2854 1264 1905 1747 1890 2301 8398 4195 2952 3434 4367 
41.007699,28.907034
3853 3291 3774 3800 3927 1925 4868 2161 2605 2381 3349 1165 6849 3892 2967 913 1628 1038 1170 2288 7427 3264 2432 2682 3936 
41.08676,28.911223
5445 4302 6026 5264 4807 1619 6583 4502 1816 3835 5603 3737 11906 5444 3387 3691 3734 3214 3357 2953 10508 4985 3834 2325 5069 
40.999174,28.9123
3956 3004 3937 3928 3626 2118 5845 2637 2194 2670 3825 1718 7325 4184 2372 782 1423 1383 1526 1819 7795 3427 2800 2803 3611 
41.001731,28.912443
4159 3207 3931 4131 3829 2112 5712 2504 2188 2664 3692 1585 7192 4178 2575 985 1626 1250 1393 2022 7697 3421 2702 2670 3605 
41.01404,28.915015
3736 2975 3541 3567 3781 1779 4686 1990 2241 2088 3060 1232 6684 3912 2635 767 1482 725 725 2082 7281 3031 2286 2336 2694 
40.999075,28.924813
4252 3300 4017 4224 3922 2198 6417 3209 2274 2750 4314 2070 8102 4264 2668 1078 1204 1955 2098 2115 8130 3507 2795 2935 3691 
41.011258,28.92979
3588 3154 3866 4111 3776 1751 5646 2857 2182 2594 3934 1534 7306 4203 2246 566 1055 1215 1358 1747 7015 3356 2403 2508 3524 
41.015626,28.929893
3067 2496 3645 3364 3118 1262 5425 2310 1942 1995 3397 985 6947 3924 1850 271 923 662 610 1297 6005 3135 1799 2019 2916 
41.012405,28.930338
3408 3242 3753 3553 3387 1603 5533 2509 2203 2184 3697 1354 7193 4185 2098 453 1103 1004 1147 1580 6194 3243 1907 2360 3437 
41.042181,28.932005
2807 2427 3101 3393 3490 1166 5005 2361 1423 1713 3549 1603 7050 3060 2228 1457 2436 1207 1339 1169 6014 2591 2675 2079 2244 
40.999901,28.933128
4454 3316 4353 4114 3938 2900 6798 3032 3453 2625 4043 2749 7708 4206 2513 1683 1044 2395 2277 2091 7868 3843 2470 3657 4032 
41.013489,28.933436
3280 2546 3561 3361 3168 1541 5341 2317 2432 2045 3505 1229 7001 3974 1902 261 973 901 824 1349 6002 3051 1715 2298 3245 
41.078778,28.934111
3957 3223 4016 4116 3845 896 7201 3767 1093 2697 4955 3009 9024 4186 2664 2903 2826 2625 2768 2465 9908 3506 3111 1502 3337 
41.024895,28.934155
2933 2823 3367 3333 3796 1249 5349 2659 1794 1964 3847 1521 7382 3485 2312 1028 1723 1105 1248 1594 5974 2857 2238 2006 3186 
41.016,28.938452
3042 3128 3537 3017 3195 1630 5996 2657 1907 1768 3744 1334 7268 3289 1975 525 1070 1012 1155 1196 5598 3027 2063 2387 2930 
41.070601,28.939036
3867 3092 3365 3386 4164 2154 6405 3577 944 2017 4765 2819 8834 4018 2650 2444 3085 2423 2555 1741 6027 2855 3019 1660 3119 
41.061315,28.942272
3643 3389 4087 3507 3776 827 6121 3093 645 2138 4281 2335 7917 4117 2595 1887 2512 1810 1953 1397 6148 3577 3042 1099 3206 
41.023257,28.943288
3298 2098 3478 2859 2720 1939 6354 2775 1628 1610 3963 1919 7472 3131 1458 1534 1313 1307 1450 905 5744 2968 1613 2414 2772 
41.018083,28.943878
3077 2327 3853 3106 2949 1553 6145 3081 2003 1737 4340 1758 7692 3346 1687 872 1247 1225 1368 1134 5747 3343 1841 2310 2959 
41.06819,28.947709
3475 2387 3075 2930 2974 491 6027 3301 704 1681 4489 2543 8463 3202 2337 2100 2421 2147 2279 2046 5656 2565 2488 993 2723 
41.01524,28.948254
3205 2325 3602 2898 2947 1826 6181 3010 2125 1649 4501 1799 7621 3170 1819 907 981 1386 1529 1266 5663 3092 1801 2583 2811 
41.006035,28.948498
3544 1999 2984 2419 2621 2166 6178 3182 2461 1170 4452 1879 7721 2779 1203 916 779 1560 1482 1311 5180 2474 1810 2610 2348 
41.002758,28.949616
3427 1892 2877 2312 2514 1959 6071 3043 2466 1063 4046 1942 8060 2672 1096 1039 838 1530 1739 1797 5073 2367 1465 2503 2241 
41.01106,28.951022
3390 2127 3465 2765 2749 1982 6141 2941 2308 1516 4411 1642 7607 3037 1573 908 820 1323 1466 1020 5526 2955 1790 2739 2678 
41.00531,28.951189
3267 1702 2912 2452 2324 1799 5911 2883 2429 903 4071 1782 7900 2512 936 907 962 1370 1579 1025 4913 2402 1305 2343 2282 
41.058282,28.951629
3037 2907 3053 2936 3443 553 5611 2998 1259 1687 4069 2240 7686 3208 2262 1809 2424 1844 1976 2063 5697 2543 2709 1373 2729 
41.072382,28.952554
3843 3093 2648 3387 3812 863 6265 3578 1060 2018 4766 2955 8409 2607 2631 2256 2793 2010 2153 2078 5684 2138 3078 1351 3120 
41.058497,28.955201
2895 2585 2746 2614 3423 782 5289 2676 1245 1365 3864 1918 7364 2886 1998 1751 2712 1499 1642 2232 5375 2236 2367 1368 2407 
41.004951,28.955865
3354 2101 3086 2521 2723 2470 6280 3252 2340 1272 4440 1911 8433 2881 1305 963 1346 1402 1720 1184 5282 2576 1766 2712 2450 
41.085413,28.971527
3943 3192 2338 3347 3639 1253 6741 3753 1722 1643 4941 2995 8732 2848 3016 2568 3512 2333 2476 3073 5988 2217 3424 1727 2891 
41.026723,28.971749
3441 1763 2963 2231 2072 1388 6654 3397 2066 982 4438 2200 8527 2607 1096 1457 1374 1882 2025 676 4987 2235 970 2386 2208 
41.067898,28.972728
2187 2022 2404 2679 2550 1200 5794 2557 1704 1049 3572 1844 8186 2534 1574 1800 2329 1607 1560 1887 5293 1934 2332 1087 2116 
41.058914,28.97408
3045 1554 2780 3019 1903 1606 6320 3053 1436 1445 4160 2340 8709 3121 1275 2722 2740 1928 2060 1784 6934 2310 1493 1334 2286 
41.043984,28.979586
3725 1512 3468 3291 1861 1786 7415 4118 2464 1852 5611 2873 9180 3393 1032 2130 2205 2555 2698 1621 6749 2998 1684 2822 2270 
41.092903,28.9798
3751 3096 1905 3326 3685 1231 7612 4250 1665 2359 5322 3306 9842 2660 2498 2550 3343 2454 2597 2752 5359 1542 2960 1177 2956 
41.046367,28.980021
3669 1499 2701 2502 2082 1967 7726 4299 2645 1133 5792 3057 9371 2742 1300 2282 2347 2707 2850 1747 5138 2231 1542 2597 2315 
41.033722,28.980947
3423 1501 2868 2136 1850 1287 6791 3926 1965 887 5098 2377 8896 2512 834 1661 1766 2086 2229 1042 4892 2140 975 2291 2179 
41.047918,28.982896
3440 1747 2885 2153 2096 1780 7474 4112 2458 904 5605 2867 9184 2529 1067 2124 2199 2549 2692 1615 4909 2157 1631 2308 2160 
41.045396,28.984352
3881 1403 3030 3038 1752 1387 7461 3839 2065 1168 4942 2570 9089 2955 690 1876 1806 2301 2444 1231 5173 2560 1287 2384 2042 
41.070272,28.985976
2889 2185 2350 2400 2534 1577 6236 2976 1516 995 4083 2263 8625 2480 1461 2247 2802 1851 1983 2097 5198 1880 2340 1192 1944 
41.033634,28.986418
3284 1053 2729 1997 1378 1481 7000 3892 2159 748 4995 2623 9142 2373 819 1880 1859 2305 2448 1284 4753 2001 530 2152 1516 
41.069821,28.987617
2803 2105 2227 2314 2454 1656 6150 2890 1595 872 3997 2177 8539 2357 1532 2166 2881 1781 1913 2176 5101 1757 2254 1271 1858 
41.096365,28.989615
3774 2053 2185 2620 2802 2124 7635 4871 2358 1466 6085 3329 9194 2541 2304 2841 3366 2477 2620 2873 5256 1715 2402 2118 2006 
41.051589,28.990307
3168 868 2613 1881 2042 1685 6811 3540 2363 632 4595 2826 9200 2257 863 2022 2104 2508 2651 1529 4637 1885 927 2036 1801 
41.061103,28.992362
3120 1717 2444 1901 2307 2179 6535 3264 1991 946 4319 2551 8924 2225 1165 2315 2199 2089 2232 1734 4657 1974 1534 1742 1568 
41.05621,28.993224
3452 1514 2897 2165 2287 2663 7733 4696 2557 916 5768 3424 9411 2541 1189 2339 2223 2856 2999 1758 4921 2169 1559 2308 1975 
41.052398,28.994476
3756 1207 2930 2198 1782 2314 7723 4361 2602 949 5433 3117 9473 2574 1222 2386 2407 2811 2954 1809 4954 2202 1399 2353 2026 
41.062,28.995216
2904 1655 2207 1820 2292 2117 6447 3187 1929 571 4294 2474 8836 2163 1084 2234 2118 2062 2194 1653 4576 1737 1453 1680 1506 
41.048054,28.997218
3750 936 2904 2907 2018 2610 7664 3874 2927 1214 5572 3413 9841 2829 1645 2332 2703 2950 3093 2119 5219 2434 1267 2678 2020 
41.090992,28.997373
3830 1578 1733 2193 2247 2121 7389 3604 2555 975 5099 3083 9211 1546 1987 2825 3021 2461 2604 2556 4294 1230 1927 2115 1531 
41.044097,28.998145
3749 896 2829 2782 1244 2629 7981 4086 2588 1213 5187 3001 9516 3267 1011 2100 2552 2949 3092 1687 5218 2359 971 2677 1468 
41.090774,28.998609
3432 1459 1637 2074 2128 2259 7293 3931 2693 856 5003 2971 9115 1450 1938 2724 3254 2401 2544 2507 4198 1134 1808 2253 1412 
41.081005,28.998612
4333 1524 2015 2039 2271 1707 7401 3611 2503 922 4825 3211 9477 1986 1903 3026 2937 2647 2790 2472 4366 1357 1873 2040 1477 
41.09396,28.99949
3501 1730 1706 2072 2343 2924 7362 4000 3218 1143 5072 3056 9184 1519 1756 2798 2790 2434 2577 2325 4288 1203 2079 2755 1683 
41.081678,28.99965
4444 1554 2045 2069 2301 1818 7431 3641 2605 952 4855 3241 9507 2016 1808 3137 2842 2677 2820 2377 4396 1387 1903 2142 1507 
41.070293,29.000516
2957 1689 2184 2241 2422 2074 6441 3181 2231 824 4288 2252 8460 2108 1696 2098 2634 1690 1833 2458 4983 1714 2069 1982 1265 
41.086038,29.001623
3601 1638 1677 2383 2385 2051 7462 4100 2485 788 5172 3156 9282 1490 1541 2775 2575 2534 2677 2110 4313 1174 1987 2045 1591 
41.087341,29.001991
3583 1690 1671 2112 2405 2254 7444 4082 2688 803 5154 3138 9264 1484 1556 2880 2590 2516 2659 2125 4328 1168 2039 2248 1643 
41.083282,29.003214
3710 1313 1670 2058 1868 1801 7434 4072 2600 631 5144 3128 9266 1483 1384 2618 2418 2506 2649 1953 4156 1167 1662 2137 1266 
41.120463,29.003964
4529 2134 386 2624 2742 2471 8125 4335 3328 1547 5549 3457 10114 2170 2500 3230 3534 2816 2959 3392 4720 782 2483 2346 2087 
41.057338,29.004458
4214 1112 2275 2307 1840 2441 7476 3686 3202 1098 4900 3292 9489 2175 1705 2773 3051 2598 2741 2375 4893 1805 1447 2766 1017 
41.071194,29.004627
3287 1606 2113 2294 2619 2254 6688 3417 2344 758 4472 2704 8716 2037 1456 2174 2490 1909 2052 2025 4708 1643 2071 2095 1457 
41.11748,29.00468
4481 2086 466 2615 2694 2423 8116 4326 3319 1499 5540 3409 10105 2122 2452 3182 3486 2768 2911 3344 4711 734 2435 2298 2039 
41.048399,29.007266
3724 470 2001 2289 1066 2605 6690 3419 2618 824 4474 2706 9079 2612 1064 2116 2709 2246 2389 1703 4619 1531 693 2480 595 
41.059291,29.008257
3557 862 1834 2006 1446 2438 6523 3252 2734 657 4307 2539 8912 2483 1455 2472 2904 2079 2222 2059 4461 1364 1133 2313 809 
41.045569,29.010027
4200 396 2261 2293 730 2726 7783 4746 3404 1084 5818 3477 9485 2161 1210 2069 2767 2809 3182 1723 4879 1791 930 2944 677 
41.050177,29.021217
4687 1013 2787 2431 634 3033 8261 4805 3318 1493 6019 3795 9992 3368 1852 2847 2832 3101 3244 2213 7228 2317 1480 3069 1636 
41.053984,29.021716
4681 842 2897 2176 463 2862 8224 4529 3042 1215 5743 3809 9716 3090 1677 3066 2795 2825 2968 2176 6929 2427 1443 2793 1716 
41.053725,29.023175
4617 778 2833 2112 399 2798 8160 4465 2978 1151 5679 3745 9652 3026 1613 3002 2731 2761 2904 2112 6865 2363 1379 2729 1652 
41.052682,29.026303
4520 946 2812 2257 567 2966 8266 4638 3151 1326 5852 3628 9825 3201 1785 2852 2837 2934 3077 2218 6927 2342 1485 2902 1820 
41.063831,29.026995
4682 1406 2898 2177 1082 2669 8320 4530 3043 1216 5744 3520 9717 3091 2232 3444 3799 2826 2969 3215 6930 2428 2124 2794 1936 
41.064307,29.027799
4585 1475 2801 2080 990 2572 8223 4433 2946 1119 5647 3423 9620 2994 2439 3640 3814 2729 2872 3230 6833 2331 2235 2697 1839 
41.131613,29.028815
4581 2192 2130 2238 2824 2557 8048 4258 2942 1169 5472 3543 10037 1758 1922 3192 2956 2902 3045 2491 4978 1505 2541 2693 2145 
41.073463,29.029076
3649 1203 2116 1417 887 2345 6598 3327 2466 597 4382 2614 8987 2387 1982 2545 3334 2202 2334 2810 5118 1646 1768 2217 1153 
41.140528,29.03002
4386 2121 1935 2043 2737 2407 7820 4030 2747 974 5244 3316 9809 1777 1727 2997 2761 2752 2895 2296 2604 802 2470 2282 2074 
41.074568,29.032985
4738 1817 2732 1644 2215 2743 8041 4251 3099 1262 5465 3594 9810 3137 2639 3602 3473 2900 3043 3008 5391 2262 2166 2850 1770 
41.089411,29.033073
4601 1714 2626 1444 2383 3351 7882 4092 3232 1127 5306 3379 9871 2346 2305 3035 3339 2766 2909 3077 6848 2156 2063 2983 1667 
41.083244,29.033422
3698 1533 2369 1041 2183 2456 7710 3920 2805 927 5134 3307 9719 2307 2088 3328 3485 2613 2756 2807 5167 1899 1882 2556 1483 
41.158081,29.034453
5196 2722 3502 3365 4662 3106 8654 4864 3857 1964 6078 4151 10643 3175 2717 4004 3751 3451 3594 3286 4451 2077 3071 2981 2675 
41.180179,29.034785
7308 5118 5071 5336 5792 5512 10101 7402 5910 4087 8563 6860 12033 4744 4840 6033 5874 5879 6022 5409 4527 4570 5415 5644 5078 
41.087871,29.036127
4965 2004 2459 1139 2607 3043 8226 4436 3626 1417 5650 3723 10215 2571 2597 3379 3397 3110 3253 3301 6619 1989 2548 3377 1957 
41.074586,29.037992
4604 1903 2818 1730 2810 2829 8127 4337 3235 1316 5551 3680 9958 3165 2787 3247 3683 2986 3129 3235 7128 2348 2252 2986 1856 
41.078267,29.038265
4803 1872 2787 1395 2320 2798 8074 4284 3434 1285 5498 3649 10063 3134 2445 3216 3419 2955 3098 3204 6396 2317 2221 3185 1825 
41.12334,29.040535
5451 2794 2199 2231 3528 2914 9463 5961 4156 1950 6735 3912 11058 1872 3016 3565 4050 3606 3749 3585 4316 1698 3134 2789 2738 
41.130185,29.041629
4896 2316 2491 2853 2975 2700 8294 4504 3402 1729 5718 3791 10283 2164 2417 3507 3451 3045 3188 2986 4937 1990 2665 2575 2269 
41.086549,29.041779
3837 1721 1878 760 2389 2880 7958 4168 3014 1039 5382 3731 9928 2506 2314 3554 3033 3037 3180 2568 5306 1408 2146 2765 1674 
41.12928,29.042487
4833 2253 2508 2790 2912 2637 8231 4441 3339 1666 5655 3728 10220 2181 2354 3444 3388 2982 3125 2923 5013 2007 2602 2512 2206 
41.078823,29.044322
5334 2460 2751 1538 2782 3335 8595 4805 3995 1886 6019 4092 10584 2863 2966 3748 3873 3479 3622 3408 6684 2281 2809 3746 2413 
41.097243,29.045267
5413 2774 3170 2053 3350 4241 9425 6235 4535 2187 7243 4627 11332 2754 3200 4199 4234 3911 4054 3769 5381 2700 3123 3772 2727 
41.141746,29.047233
4911 2701 2556 3256 3373 3292 8923 5961 4291 2114 6969 4353 11058 2948 3075 3925 4109 3637 3780 3644 3687 2086 3050 3167 2654 
41.09631,29.047835
5023 2868 2883 1621 2919 3414 9273 6083 4383 2295 7235 4412 11180 2303 3048 4065 4082 3759 3902 3617 4928 2413 3217 3620 2821 
41.135179,29.048764
5439 3955 3242 3035 4332 3520 9451 6189 4263 2453 7197 4581 11286 2756 3063 4153 4097 3865 4008 3632 4820 2741 3389 3395 2993 
41.138912,29.049869
5398 3188 3194 2922 4219 3779 9410 6448 4778 2601 7456 4840 11545 2614 3486 4412 4520 4124 4267 4055 4807 2724 3537 3654 3141 
41.129118,29.050416
5137 2557 2895 3094 3216 2941 8535 4745 3643 1970 5959 4032 10524 2370 2658 3748 3692 3286 3429 3227 4992 1958 2906 2816 2510 
41.114765,29.050813
4871 2508 1721 2042 3339 2813 8779 4989 3982 1809 6203 3799 10768 1298 2842 3572 3876 3158 3301 3411 4429 1251 2857 2688 2461 
41.136908,29.051253
5675 3660 3041 2816 4113 3828 9687 6497 4367 2474 7505 4889 11594 2461 3227 4461 4261 4173 4316 3796 4707 2571 3843 3703 3658 
41.13842,29.051835
5326 3673 3054 2883 4180 3841 9338 6510 5234 2529 7518 4902 11607 2474 3346 4474 4380 4186 4329 3915 4667 2584 3465 3716 3069 
41.138266,29.051843
5687 3672 3053 2882 4179 3840 9699 6509 5233 3073 7517 4901 11606 2473 3345 4473 4379 4185 4328 3914 4666 2583 3494 3715 3670 
41.173318,29.052117
5316 4075 3305 3505 4851 3469 9328 5967 4001 3476 7165 4435 11734 3737 3257 4235 4291 3814 3957 3826 2086 2804 4112 3344 4073 
41.137975,29.052122
5671 3656 3037 2869 4166 3824 9683 6493 5217 3057 7501 4885 11590 2457 3329 4457 4363 4169 4312 3898 4659 2567 3557 3699 3654 
41.09119,29.052186
4741 2835 2277 1408 3522 2861 8753 5908 3565 1618 6682 3859 11005 2389 2602 3512 3636 3206 3349 3171 6438 1807 3184 2736 2788 
41.172492,29.052202
5270 4014 4003 3459 4813 3423 9282 5921 4884 2931 7119 4389 11688 3676 3684 4189 4718 3768 3911 4253 2024 3502 4051 3298 4012 
41.111305,29.052787
4682 2014 1512 2077 3374 2624 8590 4800 3793 1620 6014 3610 10579 1109 2421 3383 3455 2969 3112 2990 4457 1042 2668 2499 1899 
41.100957,29.053495
5651 3107 2766 1508 2783 3114 9303 6161 4369 2163 6935 4112 11258 1767 3005 3765 4039 3459 3602 4528 4607 1945 3614 2989 2608 
41.093325,29.05416
5722 2795 2824 1215 2471 3185 9413 6232 4751 2126 7006 4183 11329 1825 3549 3836 4097 3530 3673 3632 4717 2003 3302 3060 2666 
41.114797,29.055533
4865 2757 1703 1844 3141 2807 8587 4797 3976 1803 6011 4084 10576 1292 2495 3566 3529 3152 3295 3064 4050 1233 2851 2682 2755 
41.116374,29.055941
5042 3027 2214 2102 3399 2895 9054 4900 3893 1699 6114 3893 11039 1456 2753 3546 3787 3240 3383 3322 4308 1556 3102 2770 2239 
41.10584,29.056885
5434 3147 2817 1548 2823 2897 9086 5944 4031 1851 6718 3895 11041 1550 2788 3548 3822 3242 3385 3357 4390 1728 3654 2772 2391 
41.125142,29.057593
5332 2933 2840 2758 3655 3413 9344 6082 4412 2346 7090 4474 11179 2277 2956 4046 3990 3758 3901 3525 3868 2370 3282 3288 2886 
41.12253,29.060805
5659 3588 2969 2803 4100 3740 9671 6409 4739 2673 7417 4801 11506 2389 3283 4373 4317 4085 4228 3852 4195 2499 3609 3615 3213 
41.117355,29.061858
5039 3024 2405 2221 3518 3014 9051 5861 4585 1818 6835 4012 10958 1825 2755 3665 3789 3359 3502 3324 4048 1935 2971 2889 2358 
41.118474,29.064994
5136 2507 2880 2255 3552 3048 9148 5958 4682 1852 6869 4046 11055 1922 2789 3699 3823 3393 3536 3358 5133 1729 3005 2923 2392 
41.121521,29.070382
5123 2729 2867 2406 3703 3270 9135 5945 4669 2074 7091 4268 11042 1909 3011 3921 4045 3615 3758 3580 4842 1951 3227 3145 2614 

